719 152 6378 7783 9276
3060 6629 9943 6709 5449
8394 3017 1800 6712 1838
96 2719 1102 8614 8427
7007 6724 3627 1835 6721
6935 6764 9092 2061 1586
7411 464 1856 1052 9921
5878 4448 3718 3459 9195
1938 4480 204 6714 8176
1361 8056 8595 6569 9624
4806 7938 1727 2673 2467
2514 7616 2217 8987 197
4939 5382 8158 7874 3536
1442 6567 3594 6861 2183
9855 4216 3834 5256 870
5017 4535 5339 9689 4630
2934 3593 9722 4556 5904
9724 5783 8019 4201 2437
1112 46 7893 1001 5563
999 2805 6131 1962 2603
1940 7987 6722 7330 3842
1792 4704 558 5492 753
5210 7651 3851 8308 9242
4792 5670 2626 8592 4942
7350 5849 25 256 2913
5503 7684 4641 6835 184
5502 7159 4892 4945 5694
2617 559 4257 6818 7861
5576 6710 606 628 5085
950 8153 6513 1702 751
7449 9588 5887 102 2121
4137 8391 2406 5913 333
2517 9165 1040 1674 2713
5319 2595 8184 7094 5678
7173 1486 1373 1969 2145
7394 51 134 1772 1293
4624 3268 6643 3659 3396
5292 7764 7463 3895 7797
7435 7182 9505 5273 9531
743 9703 6590 3018 6816
1717 9721 6537 9566 5401
4483 6474 4551 9790 9845
8244 6374 1215 1136 51
2164 5380 7077 3533 2456
2053 5390 552 1401 7061
1553 6097 5055 5237 7855
1788 8706 2766 219 7046
8992 7973 910 6948 8716
4565 4692 1930 505 8874
4293 7125 9333 315 1111
6971 4926 9872 7594 6350
1108 8509 6878 7469 9872
6774 9847 6023 428 9104
9544 369 1679 6062 5201
7501 1856 3404 8820 2305
7833 7325 2235 5868 8367
5131 3496 382 620 5516
5780 3579 3385 3529 3139
35 5766 7875 1922 7154
7224 3726 2502 3520 6050
9695 7523 1441 4839 7612
6862 3812 8841 3706 5281
1101 4092 3841 485 7646
9262 3772 1141 6009 6311
1468 3254 2336 5128 5579
4535 962 5368 6546 5135
3535 7300 4292 8283 9926
5267 5945 569 5687 3621
5642 2879 8932 9464 1091
4314 2697 7948 1510 9769
57 3889 702 5396 9955
6842 6317 5937 6783 2944
7533 3844 1592 1097 7100
3456 6847 6640 1750 9090
7621 2063 9179 7330 9851
1604 1604 3378 3405 6770
3147 5127 3657 7632 1403
7441 8355 825 6112 4718
8663 557 1700 7412 7230
2054 1427 8930 5793 7406
6616 9348 6667 9920 412
6478 142 7651 3725 8535
787 9199 1849 1160 7141
2480 6664 5638 7267 9764
8985 3123 292 934 8043
2077 1316 3043 2540 8240
8586 9798 8677 8129 5158
7466 6756 1994 9137 6023
2826 444 3058 4315 3214
5182 7108 5393 5350 6467
9042 1967 5639 5192 143
4524 7872 2397 1257 8066
3278 5540 7950 7078 8294
9693 2113 1076 2621 8743
7294 9688 864 4360 891
8432 5151 5941 7629 7031
4141 5645 5206 298 5905
6970 4935 2046 2287 6666
5261 4727 1957 8536 1655
9628 3018 1292 1507 577
8761 1342 4035 725 4727
5864 3612 7170 6305 6283
3546 1782 4789 4194 5465
9313 3619 9978 5129 7650
4168 3503 5851 1277 6606
8826 7569 7413 6591 9445
7918 3881 4906 9088 6331
8880 9076 351 6185 3584
6194 5357 5279 5955 3589
7895 5823 5553 5610 3448
2275 726 3984 6911 6348
5045 6447 5907 6592 928
6188 5444 6732 7853 8489
4555 2377 4382 5305 6299
3478 9596 5129 443 2233
4612 8242 3313 1987 595
7843 928 1268 65 2951
7415 7644 1123 7596 8187
5243 8262 3072 1887 4157
3446 7926 4091 9272 9894
2914 3940 6463 9019 6836
8490 5697 5814 9736 1696
7656 3248 3198 5881 8098
5172 3169 4061 473 5657
8371 5037 2334 4568 5268
5744 4250 5309 5360 114
4426 3837 1085 1892 8070
4419 5222 8360 1243 6335
4709 6860 3345 8918 6853
5735 4212 6443 1069 145
1898 3093 2971 2601 8722
4091 5945 2613 1593 8267
2152 7063 1545 5979 7237
8674 2364 9960 2016 9011
254 3997 6489 1050 7066
3166 9646 1366 9142 1626
9591 4969 9693 273 1860
1067 6997 4446 1280 2501
4520 6775 7809 1688 111
447 1857 7238 9112 325
4250 2227 851 8600 8863
5213 8293 1385 7740 2612
7038 54 7977 4794 6322
2533 9479 7681 6107 3870
3609 8588 7453 6627 6066
5038 6613 5611 7173 4318
2345 9393 3571 6669 1545
2682 1298 2999 5002 2269
1213 5303 6061 2508 4318
5102 5046 7094 9487 2588
6255 6388 9779 8933 3380
4792 720 420 9787 2013
3293 7211 9894 3106 6834
4189 4261 5891 3950 2859
1695 3307 5103 5015 6284
2012 5875 1223 4024 3026
7783 5198 7161 7343 1559
2217 5323 4108 8923 5004
721 6301 7334 2002 7274
8901 5340 9302 9066 7042
9780 6938 2575 6583 1689
3856 5826 3450 2053 6593
3778 5586 1001 3894 58
8154 837 2019 5494 4559
9263 9836 5667 1524 6846
7173 2882 3938 6887 2171
7661 5105 8779 109 4405
7758 5776 8502 9643 8622
5626 8726 2511 1060 9139
2690 7334 8470 3960 8069
699 7836 4494 1186 6493
1659 8032 7383 7844 9808
6902 823 4229 1519 8000
4684 5833 5645 3629 8485
8254 4483 8996 4009 8675
1352 6041 6246 3258 2722
5070 3051 3817 2142 4454
1436 3698 529 2435 9951
4292 7907 2628 1764 7289
8954 1076 8824 5710 5584
7395 7476 1380 467 7410
9305 8532 2203 1539 9432
8575 5108 6942 622 7001
1286 6196 3621 2387 6604
6430 9724 199 1608 6029
5057 5022 8464 4612 3780
4139 7040 427 3376 4669
7640 5046 3486 7037 7939
2115 2545 6023 6892 16
2390 7753 2800 69 27
1216 6973 1501 5391 5025
6945 3610 1734 6518 6499
156 3200 3888 8194 2753
9164 3542 647 7891 7698
3245 9804 7680 2348 2053
4327 1180 143 753 5023
1612 8308 9472 9136 1114
5813 6865 8142 8196 436
4901 2746 6793 8288 617
6925 6827 6837 1644 5429